0 0.594921875 0.6659722222222222 0.04140625 0.2263888888888889
0 0.652734375 0.6631944444444444 0.07890625 0.3736111111111111
0 0.221875 0.6861111111111111 0.0328125 0.11944444444444445
0 0.188671875 0.7263888888888889 0.05234375 0.12777777777777777
0 0.25859375 0.7222222222222222 0.0625 0.2
0 0.3109375 0.6805555555555556 0.0390625 0.19722222222222222
0 0.3515625 0.675 0.04375 0.3
0 0.43671875 0.725 0.053125 0.15555555555555556
0 0.47734375 0.6597222222222222 0.0203125 0.14166666666666666
0 0.533203125 0.5777777777777777 0.02734375 0.06111111111111111
