0.305859375 0.7458333333333333 0.07265625 0.37777777777777777
0.37578125 0.7763888888888889 0.0609375 0.3638888888888889
0.420703125 0.7243055555555555 0.06328125 0.34305555555555556
0.487109375 0.7027777777777777 0.05546875 0.2361111111111111
0.696875 0.6729166666666667 0.053125 0.17916666666666667
0.759375 0.7034722222222223 0.1140625 0.3736111111111111
0.77421875 0.6243055555555556 0.015625 0.0375
0.796875 0.6736111111111112 0.0328125 0.15833333333333333
0.821875 0.6715277777777777 0.0421875 0.20694444444444443
0.862109375 0.6631944444444444 0.05859375 0.26805555555555555
