0.37265625 0.8472222222222222 0.059375 0.24166666666666667
0.1390625 0.9104166666666667 0.096875 0.17083333333333334
0.14765625 0.84375 0.0578125 0.30416666666666664
0.475390625 0.825 0.08203125 0.36666666666666664
0.4859375 0.9402777777777778 0.0609375 0.08611111111111111
0.5609375 0.8472222222222222 0.04375 0.3055555555555556
0.5921875 0.8583333333333333 0.0390625 0.25555555555555554
0.753125 0.8319444444444445 0.0640625 0.3527777777777778
0.802734375 0.8263888888888888 0.06328125 0.34444444444444444
0.834375 0.8465277777777778 0.040625 0.2791666666666667
0.880078125 0.8402777777777778 0.06015625 0.30833333333333335
0.942578125 0.8381944444444445 0.06796875 0.29583333333333334
0.986328125 0.7430555555555556 0.01640625 0.04722222222222222
0.98125 0.8423611111111111 0.0328125 0.24861111111111112
